# Scan of Total Energy
# X-Axis:  Scan Coordinate
# Y-Axis:  Total Energy (Hartree)
#                  X                   Y
       80.0000000000     -188.8394395010
       80.5000000000     -188.8486170664
       81.0000000000     -188.8573696270
       81.5000000000     -188.8657217674
       82.0000000000     -188.8736962641
       82.5000000000     -188.8813142504
       83.0000000000     -188.8885953627
       83.5000000000     -188.8955578722
       84.0000000000     -188.9022188017
       84.5000000000     -188.9085940318
       85.0000000000     -188.9146983947
       85.5000000000     -188.9205457596
       86.0000000000     -188.9261491092
       86.5000000000     -188.9315206095
       87.0000000000     -188.9366716716
       87.5000000000     -188.9416130090
       88.0000000000     -188.9463546892
       88.5000000000     -188.9509061801
       89.0000000000     -188.9552763933
       89.5000000000     -188.9594737230
       90.0000000000     -188.9635060816
       90.5000000000     -188.9673809327
       91.0000000000     -188.9711053210
       91.5000000000     -188.9746859006
       92.0000000000     -188.9781289596
       92.5000000000     -188.9814404446
       93.0000000000     -188.9846259821
       93.5000000000     -188.9876908981
       94.0000000000     -188.9906402393
       94.5000000000     -188.9934787867
       95.0000000000     -188.9962110742
       95.5000000000     -188.9988414031
       96.0000000000     -189.0013738557
       96.5000000000     -189.0038123065
       97.0000000000     -189.0061604413
       97.5000000000     -189.0084217582
       98.0000000000     -189.0105995848
       98.5000000000     -189.0126970862
       99.0000000000     -189.0147172738
       99.5000000000     -189.0166630144
      100.0000000000     -189.0185370375
      100.5000000000     -189.0203419431
      101.0000000000     -189.0220802086
      101.5000000000     -189.0237541948
      102.0000000000     -189.0253661527
      102.5000000000     -189.0269182289
      103.0000000000     -189.0284124704
      103.5000000000     -189.0298508308
      104.0000000000     -189.0312351736
      104.5000000000     -189.0325672780
      105.0000000000     -189.0338488421
      105.5000000000     -189.0350814873
      106.0000000000     -189.0362667618
      106.5000000000     -189.0374061444
      107.0000000000     -189.0385010475
      107.5000000000     -189.0395528205
      108.0000000000     -189.0405627527
      108.5000000000     -189.0415320759
      109.0000000000     -189.0424619675
      109.5000000000     -189.0433535526
      110.0000000000     -189.0442079069
      110.5000000000     -189.0450260584
      111.0000000000     -189.0458089903
      111.5000000000     -189.0465576424
      112.0000000000     -189.0472729134
      112.5000000000     -189.0479556628
      113.0000000000     -189.0486067128
      113.5000000000     -189.0492268498
      114.0000000000     -189.0498168261
      114.5000000000     -189.0503773614
      115.0000000000     -189.0509091445
      115.5000000000     -189.0514128348
      116.0000000000     -189.0518890631
      116.5000000000     -189.0523384335
      117.0000000000     -189.0527615245
      117.5000000000     -189.0531588901
      118.0000000000     -189.0535310608
      118.5000000000     -189.0538785451
      119.0000000000     -189.0542018302
      119.5000000000     -189.0545013831
      120.0000000000     -189.0547776509
      120.5000000000     -189.0550310645
      121.0000000000     -189.0552620361
      121.5000000000     -189.0554709529
      122.0000000000     -189.0556582029
      122.5000000000     -189.0558241472
      123.0000000000     -189.0559691354
      123.5000000000     -189.0560935036
      124.0000000000     -189.0561975744
      124.5000000000     -189.0562816583
      125.0000000000     -189.0563460535
      125.5000000000     -189.0563910470
      126.0000000000     -189.0564169151
      126.5000000000     -189.0564239235
      127.0000000000     -189.0564123283
      127.5000000000     -189.0563823759
      128.0000000000     -189.0563343041
      128.5000000000     -189.0562683418
      129.0000000000     -189.0561847098
      129.5000000000     -189.0560836212
      130.0000000000     -189.0559652814
      130.5000000000     -189.0558298887
      131.0000000000     -189.0556776346
      131.5000000000     -189.0555087039
      132.0000000000     -189.0553232752
      132.5000000000     -189.0551215208
      133.0000000000     -189.0549036074
      133.5000000000     -189.0546696960
      134.0000000000     -189.0544199422
      134.5000000000     -189.0541544964
      135.0000000000     -189.0538735029
      135.5000000000     -189.0535771043
      136.0000000000     -189.0532654353
      136.5000000000     -189.0529386273
      137.0000000000     -189.0525968071
      137.5000000000     -189.0522400973
      138.0000000000     -189.0518686163
      138.5000000000     -189.0514824786
      139.0000000000     -189.0510817945
      139.5000000000     -189.0506666707
      140.0000000000     -189.0502372100
      140.5000000000     -189.0497935115
      141.0000000000     -189.0493356709
      141.5000000000     -189.0488637802
      142.0000000000     -189.0483779278
      142.5000000000     -189.0478781988
      143.0000000000     -189.0473646751
      143.5000000000     -189.0468374348
      144.0000000000     -189.0462965531
      144.5000000000     -189.0457421016
      145.0000000000     -189.0451741488
      145.5000000000     -189.0445927599
      146.0000000000     -189.0439979967
      146.5000000000     -189.0433899180
      147.0000000000     -189.0427685790
      147.5000000000     -189.0421340318
      148.0000000000     -189.0414863252
      148.5000000000     -189.0408255043
      149.0000000000     -189.0401516112
      149.5000000000     -189.0394646844
      150.0000000000     -189.0387647588
      150.5000000000     -189.0380518656
      151.0000000000     -189.0373260326
      151.5000000000     -189.0365872836
      152.0000000000     -189.0358356386
      152.5000000000     -189.0350711135
      153.0000000000     -189.0342937200
      153.5000000000     -189.0335034659
      154.0000000000     -189.0327003541
      154.5000000000     -189.0318843831
      155.0000000000     -189.0310555466
      155.5000000000     -189.0302138332
      156.0000000000     -189.0293592266
      156.5000000000     -189.0284917048
      157.0000000000     -189.0276112403
      157.5000000000     -189.0267177999
      158.0000000000     -189.0258113443
      158.5000000000     -189.0248918278
      159.0000000000     -189.0239591986
      159.5000000000     -189.0230133982
      160.0000000000     -189.0220543618
      160.5000000000     -189.0210820174
      161.0000000000     -189.0200962869
      161.5000000000     -189.0190970858
      162.0000000000     -189.0180843238
      162.5000000000     -189.0170579053
      163.0000000000     -189.0160177304
      163.5000000000     -189.0149636959
      164.0000000000     -189.0138956978
      164.5000000000     -189.0128136329
      165.0000000000     -189.0117174022
      165.5000000000     -189.0106069150
      166.0000000000     -189.0094820936
      166.5000000000     -189.0083428800
      167.0000000000     -189.0071892437
      167.5000000000     -189.0060211915
      168.0000000000     -189.0048387793
      168.5000000000     -189.0036421265
      169.0000000000     -189.0024314333
      169.5000000000     -189.0012070007
      170.0000000000     -188.9999692541
      170.5000000000     -188.9987187703
      171.0000000000     -188.9974563073
      171.5000000000     -188.9961828398
      172.0000000000     -188.9948995947
      172.5000000000     -188.9936080918
      173.0000000000     -188.9923101725
      173.5000000000     -188.9910080582
      174.0000000000     -188.9897043754
      174.5000000000     -188.9884021933
      175.0000000000     -188.9871050519
      175.5000000000     -188.9858169823
      176.0000000000     -188.9845425182
      176.5000000000     -188.9832866952
      177.0000000000     -188.9820550384
      177.5000000000     -188.9808535378
      178.0000000000     -188.9796886104
      178.5000000000     -188.9785670516
      179.0000000000     -188.9774959752
      179.5000000000     -188.9764827451
