# UV-Vis Spectrum
# X-Axis:  Wavelength (nm)
# Y-Axis:  &epsilon;
# Y-Axis2: Oscillator Strength

# Peak information
#                  X                   Y                  Y2
#     537.5600000000        3.2198000000 11449517.2710591182
#     403.9800000000        0.0001000000      355.5971573097
#     336.1000000000        0.5198000000  1848394.0236960466
#     332.6000000000        0.0001000000      355.5971573097
#     295.2500000000        0.0138000000    49072.4077087446
#     293.7900000000        0.0003000000     1066.7914719292
#     269.5900000000        0.1387000000   493213.2571886141
#     268.4100000000        0.0274000000    97433.6211028697
#     254.5500000000        0.0487000000   173175.8156098450
#     246.1500000000        0.0008000000     2844.7772584779

# Spectra
#                  X                   Y               DY/DX
     -100.0000000000        0.0000000000        0.0000000000
      -98.2000000000        0.0000000000        0.0000000000
      -96.4000000000        0.0000000000        0.0000000000
      -94.6000000000        0.0000000000        0.0000000000
      -92.8000000000        0.0000000000        0.0000000000
      -91.0000000000        0.0000000000        0.0000000000
      -89.2000000000        0.0000000000        0.0000000000
      -87.4000000000        0.0000000000        0.0000000000
      -85.6000000000        0.0000000000        0.0000000000
      -83.8000000000        0.0000000000        0.0000000000
      -82.0000000000        0.0000000000        0.0000000000
      -80.2000000000        0.0000000000        0.0000000000
      -78.4000000000        0.0000000000        0.0000000000
      -76.6000000000        0.0000000000        0.0000000000
      -74.8000000000        0.0000000000        0.0000000000
      -73.0000000000        0.0000000000        0.0000000000
      -71.2000000000        0.0000000000        0.0000000000
      -69.4000000000        0.0000000000        0.0000000000
      -67.6000000000        0.0000000000        0.0000000000
      -65.8000000000        0.0000000000        0.0000000000
      -64.0000000000        0.0000000000        0.0000000000
      -62.2000000000        0.0000000000        0.0000000000
      -60.4000000000        0.0000000000        0.0000000000
      -58.6000000000        0.0000000000        0.0000000000
      -56.8000000000        0.0000000000        0.0000000000
      -55.0000000000        0.0000000000        0.0000000000
      -53.2000000000        0.0000000000        0.0000000000
      -51.4000000000        0.0000000000        0.0000000000
      -49.6000000000        0.0000000000        0.0000000000
      -47.8000000000        0.0000000000        0.0000000000
      -46.0000000000        0.0000000000        0.0000000000
      -44.2000000000        0.0000000000        0.0000000000
      -42.4000000000        0.0000000000        0.0000000000
      -40.6000000000        0.0000000000        0.0000000000
      -38.8000000000        0.0000000000        0.0000000000
      -37.0000000000        0.0000000000        0.0000000000
      -35.2000000000        0.0000000000        0.0000000000
      -33.4000000000        0.0000000000        0.0000000000
      -31.6000000000        0.0000000000        0.0000000000
      -29.8000000000        0.0000000000        0.0000000000
      -28.0000000000        0.0000000000        0.0000000000
      -26.2000000000        0.0000000000        0.0000000000
      -24.4000000000        0.0000000000        0.0000000000
      -22.6000000000        0.0000000000        0.0000000000
      -20.8000000000        0.0000000000        0.0000000000
      -19.0000000000        0.0000000000        0.0000000000
      -17.2000000000        0.0000000000        0.0000000000
      -15.4000000000        0.0000000000        0.0000000000
      -13.6000000000        0.0000000000        0.0000000000
      -11.8000000000        0.0000000000        0.0000000000
      -10.0000000000        0.0000000000        0.0000000000
       -8.2000000000        0.0000000000        0.0000000000
       -6.4000000000        0.0000000000        0.0000000000
       -4.6000000000        0.0000000000        0.0000000000
       -2.8000000000        0.0000000000        0.0000000000
       -1.0000000000        0.0000000000        0.0000000000
        0.8000000000        0.0000000000        0.0000000000
        2.6000000000        0.0000000000        0.0000000000
        4.4000000000        0.0000000000        0.0000000000
        6.2000000000        0.0000000000        0.0000000000
        8.0000000000        0.0000000000        0.0000000000
        9.8000000000        0.0000000000        0.0000000000
       11.6000000000        0.0000000000        0.0000000000
       13.4000000000        0.0000000000        0.0000000000
       15.2000000000        0.0000000000        0.0000000000
       17.0000000000        0.0000000000        0.0000000000
       18.8000000000        0.0000000000        0.0000000000
       20.6000000000        0.0000000000        0.0000000000
       22.4000000000        0.0000000000        0.0000000000
       24.2000000000        0.0000000000        0.0000000000
       26.0000000000        0.0000000000        0.0000000000
       27.8000000000        0.0000000000        0.0000000000
       29.6000000000        0.0000000000        0.0000000000
       31.4000000000        0.0000000000        0.0000000000
       33.2000000000        0.0000000000        0.0000000000
       35.0000000000        0.0000000000        0.0000000000
       36.8000000000        0.0000000000        0.0000000000
       38.6000000000        0.0000000000        0.0000000000
       40.4000000000        0.0000000000        0.0000000000
       42.2000000000        0.0000000000        0.0000000000
       44.0000000000        0.0000000000        0.0000000000
       45.8000000000        0.0000000000        0.0000000000
       47.6000000000        0.0000000000        0.0000000000
       49.4000000000        0.0000000000        0.0000000000
       51.2000000000        0.0000000000        0.0000000000
       53.0000000000        0.0000000000        0.0000000000
       54.8000000000        0.0000000000        0.0000000000
       56.6000000000        0.0000000000        0.0000000000
       58.4000000000        0.0000000000        0.0000000000
       60.2000000000        0.0000000000        0.0000000000
       62.0000000000        0.0000000000        0.0000000000
       63.8000000000        0.0000000000        0.0000000000
       65.6000000000        0.0000000000        0.0000000000
       67.4000000000        0.0000000000        0.0000000000
       69.2000000000        0.0000000000        0.0000000000
       71.0000000000        0.0000000000        0.0000000000
       72.8000000000        0.0000000000        0.0000000000
       74.6000000000        0.0000000000        0.0000000000
       76.4000000000        0.0000000000        0.0000000000
       78.2000000000        0.0000000000        0.0000000000
       80.0000000000        0.0000000000        0.0000000000
       81.8000000000        0.0000000000        0.0000000000
       83.6000000000        0.0000000000        0.0000000000
       85.4000000000        0.0000000000        0.0000000000
       87.2000000000        0.0000000000        0.0000000000
       89.0000000000        0.0000000000        0.0000000000
       90.8000000000        0.0000000000        0.0000000000
       92.6000000000        0.0000000000        0.0000000000
       94.4000000000        0.0000000000        0.0000000000
       96.2000000000        0.0000000000        0.0000000000
       98.0000000000        0.0000000000        0.0000000000
       99.8000000000        0.0000000000        0.0000000000
      101.6000000000        0.0000000000        0.0000000000
      103.4000000000        0.0000000000        0.0000000000
      105.2000000000        0.0000000000        0.0000000000
      107.0000000000        0.0000000000        0.0000000000
      108.8000000000        0.0000000000        0.0000000000
      110.6000000000        0.0000000000        0.0000000000
      112.4000000000        0.0000000000        0.0000000000
      114.2000000000        0.0000000000        0.0000000000
      116.0000000000        0.0000000000        0.0000000000
      117.8000000000        0.0000000000        0.0000000000
      119.6000000000        0.0000000000        0.0000000000
      121.4000000000        0.0000000000        0.0000000000
      123.2000000000        0.0000000000        0.0000000000
      125.0000000000        0.0000000000        0.0000000000
      126.8000000000        0.0000000000        0.0000000000
      128.6000000000        0.0000000000        0.0000000000
      130.4000000000        0.0000000000        0.0000000000
      132.2000000000        0.0000000000        0.0000000000
      134.0000000000        0.0000000000        0.0000000000
      135.8000000000        0.0000000000        0.0000000000
      137.6000000000        0.0000000000        0.0000000000
      139.4000000000        0.0000000000        0.0000000000
      141.2000000000        0.0000000000        0.0000000000
      143.0000000000        0.0000000000        0.0000000000
      144.8000000000        0.0000000000        0.0000000000
      146.6000000000        0.0000000000        0.0000000000
      148.4000000000        0.0000000000        0.0000000000
      150.2000000000        0.0000000000        0.0000000000
      152.0000000000        0.0000000000        0.0000000000
      153.8000000000        0.0000000000        0.0000000000
      155.6000000000        0.0000000000        0.0000000000
      157.4000000000        0.0000000000        0.0000000000
      159.2000000000        0.0000000000        0.0000000000
      161.0000000000        0.0000000000        0.0000000000
      162.8000000000        0.0000000000        0.0000000000
      164.6000000000        0.0000000000        0.0000000000
      166.4000000000        0.0000000000        0.0000000000
      168.2000000000        0.0000000000        0.0000000000
      170.0000000000        0.0000000000        0.0000000000
      171.8000000000        0.0000000000        0.0000000000
      173.6000000000        0.0000000000        0.0000000000
      175.4000000000        0.0000000004        0.0000000000
      177.2000000000        0.0000000023        0.0000000000
      179.0000000000        0.0000000132        0.0000000000
      180.8000000000        0.0000000706        0.0000000000
      182.6000000000        0.0000003456        0.0000000000
      184.4000000000        0.0000015597        0.0000000000
      186.2000000000        0.0000065111        0.0000000000
      188.0000000000        0.0000252338        0.0000000000
      189.8000000000        0.0000910894        0.0000000000
      191.6000000000        0.0003072452        0.0000000001
      193.4000000000        0.0009712684        0.0000000009
      195.2000000000        0.0028858493        0.0000000072
      197.0000000000        0.0080811976        0.0000000489
      198.8000000000        0.0213836598        0.0000002972
      200.6000000000        0.0536022103        0.0000016244
      202.4000000000        0.1275925061        0.0000080301
      204.2000000000        0.2890796193        0.0000361063
      206.0000000000        0.6247855752        0.0001484174
      207.8000000000        1.2909303163        0.0005602741
      209.6000000000        2.5552748555        0.0019501190
      211.4000000000        4.8552259183        0.0062801021
      213.2000000000        8.8728418964        0.0187677519
      215.0000000000       15.6247609597        0.0521823396
      216.8000000000       26.5612882473        0.1352999429
      218.6000000000       43.6646393104        0.3278255208
      220.4000000000       69.5324336976        0.7437286023
      222.2000000000      107.4298823419        1.5828709407
      224.0000000000      161.2935290148        3.1664298558
      225.8000000000      235.6713777281        5.9654372312
      227.6000000000      335.5887864242       10.6060677703
      229.4000000000      466.3361785291       17.8340480482
      231.2000000000      633.1826075076       28.4275743421
      233.0000000000      841.0275359125       43.0643426181
      234.8000000000     1094.0109287453       62.1692811867
      236.6000000000     1395.1081505433       85.7857853115
      238.4000000000     1745.7406423383      113.5140153697
      240.2000000000     2145.4355515710      144.5397831504
      242.0000000000     2591.5671128521      177.7418211747
      243.8000000000     3079.2094236367      211.8292683935
      245.6000000000     3601.1242335272      245.4441694679
      247.4000000000     4147.8985870869      277.1781969697
      249.2000000000     4708.2360701907      305.4963493815
      251.0000000000     5269.3928461813      328.6150440365
      252.8000000000     5817.7368397650      344.4218555423
      254.6000000000     6339.3967814657      350.5278294746
      256.4000000000     6820.9588253714      344.5049647648
      258.2000000000     7250.1633108863      324.2940737912
      260.0000000000     7616.5536848210      288.6979535658
      261.8000000000     7912.0337326698      237.8294192778
      263.6000000000     8131.2975321025      173.3809707127
      265.4000000000     8272.1078295999       98.6237402134
      267.2000000000     8335.4113920398       18.1131629019
      269.0000000000     8325.2927361212      -62.8460726964
      270.8000000000     8248.7790723485     -138.8658599850
      272.6000000000     8115.5182421751     -205.1365351670
      274.4000000000     7937.3572616076     -257.9607485558
      276.2000000000     7727.8516826981     -295.0739983755
      278.0000000000     7501.7356469203     -315.7190854223
      279.8000000000     7274.3798485560     -320.4933308169
      281.6000000000     7061.2604410834     -311.0263905268
      283.4000000000     6877.4570218226     -289.5669923523
      285.2000000000     6737.1929422561     -258.5587327306
      287.0000000000     6653.4268582259     -220.2722282863
      288.8000000000     6637.5009823411     -176.5394733588
      290.6000000000     6698.8490399148     -128.6122690550
      292.4000000000     6844.7653849025      -77.1447692738
      294.2000000000     7080.2358983289      -22.2833323710
      296.0000000000     7407.8308944625       36.1640326867
      297.8000000000     7827.6600157767       98.5115933087
      299.6000000000     8337.3887615646      164.9667871858
      301.4000000000     8932.3156937983      235.4188724021
      303.2000000000     9605.5084120925      309.2709578941
      305.0000000000    10347.9950902113      385.3343399043
      306.8000000000    11149.0067979187      461.7964584004
      308.6000000000    11996.2641274252      536.2657803253
      310.4000000000    12876.2999663283      605.8890305709
      312.2000000000    13774.8087765360      667.5289924288
      314.0000000000    14677.0116015121      717.9851852834
      315.8000000000    15568.0253482700      754.2356574282
      317.6000000000    16433.2247469878      773.6763269273
      319.4000000000    17258.5858020174      774.3349544354
      321.2000000000    18031.0004882429      755.0398439777
      323.0000000000    18738.5538500557      715.5283560333
      324.8000000000    19370.7564291325      656.4866565687
      326.6000000000    19918.7269640505      579.5190420809
      328.4000000000    20375.3224433249      487.0518661655
      330.2000000000    20735.2147296437      382.1828195178
      332.0000000000    20994.9149940586      268.4905279010
      333.8000000000    21152.7490098579      149.8218091856
      335.6000000000    21208.7878844368       30.0743996059
      337.4000000000    21164.7400057843      -87.0083195572
      339.2000000000    21023.8108246681     -198.0167497340
      341.0000000000    20790.5375831550     -300.0184508455
      342.8000000000    20470.6062530429     -390.6593543303
      344.6000000000    20070.6577977744     -468.2207845186
      346.4000000000    19598.0904631990     -531.6339332610
      348.2000000000    19060.8641876487     -580.4564130772
      350.0000000000    18467.3124544289     -614.8176372185
      351.8000000000    17825.9660435530     -635.3409941231
      353.6000000000    17145.3922243850     -643.0511511600
      355.4000000000    16434.0520112507     -639.2744641265
      357.2000000000    15700.1772175290     -625.5395552956
      359.0000000000    14951.6682200942     -603.4838418881
      360.8000000000    14196.0126073091     -574.7703309858
      362.6000000000    13440.2242446762     -541.0175056785
      364.4000000000    12690.8017605596     -503.7437369729
      366.2000000000    11953.7050320345     -464.3264553304
      368.0000000000    11234.3479349815     -423.9753562293
      369.8000000000    10537.6054063573     -383.7182146357
      371.6000000000     9867.8327407067     -344.3974361407
      373.4000000000     9228.8949963054     -306.6752512541
      375.2000000000     8624.2044067391     -271.0454256863
      377.0000000000     8056.7637690086     -237.8494699227
      378.8000000000     7529.2138974982     -207.2955423666
      380.6000000000     7043.8833832948     -179.4785118420
      382.4000000000     6602.8390704162     -154.3999433248
      384.2000000000     6207.9358457767     -131.9870685746
      386.0000000000     5860.8645308325     -112.1100813795
      387.8000000000     5563.1968537656      -94.5973427047
      389.6000000000     5316.4266670401      -79.2482873666
      391.4000000000     5122.0067525860      -65.8439888174
      393.2000000000     4981.3807231852      -54.1554636189
      395.0000000000     4896.0096821395      -43.9498859490
      396.8000000000     4867.3934430341      -34.9949401168
      398.6000000000     4897.0862369648      -27.0615712451
      400.4000000000     4986.7069460213      -19.9254066330
      402.2000000000     5137.9439994690      -13.3671180360
      404.0000000000     5352.5551535229       -7.1719826870
      405.8000000000     5632.3624475695       -1.1288819933
      407.6000000000     5979.2426899420        4.9710456628
      409.4000000000     6395.1138756790       11.3359056722
      411.2000000000     6881.9179778862       18.1745334218
      413.0000000000     7441.6005841008       25.6978215746
      414.8000000000     8076.0878701409       34.1197666479
      416.6000000000     8787.2614169404       43.6581347213
      418.4000000000     9576.9313814312       54.5346667437
      420.2000000000    10446.8085311921       66.9747638162
      422.0000000000    11398.4756448829       81.2066122211
      423.8000000000    12433.3587669163       97.4597270539
      425.6000000000    13552.6987859151      115.9629121756
      427.4000000000    14757.5237827405      136.9416528581
      429.2000000000    16048.6225657822      160.6149758068
      431.0000000000    17426.5197792874      187.1918290029
      432.8000000000    18891.4529353032      216.8670506763
      434.6000000000    20443.3516818670      249.8170123163
      436.4000000000    22081.8195799593      286.1950345081
      438.2000000000    23806.1186199883      326.1266860939
      440.0000000000    25615.1566657877      369.7050862695
      441.8000000000    27507.4779708279      416.9863353517
      443.6000000000    29481.2568681233      467.9852027677
      445.4000000000    31534.2946927029      522.6712001219
      447.2000000000    33664.0199539899      580.9651628599
      449.0000000000    35867.4917355071      642.7364561144
      450.8000000000    38141.4062613960      707.8009089051
      452.6000000000    40482.1065337221      775.9195662523
      454.4000000000    42885.5949117677      846.7983313301
      456.2000000000    45347.5484747695      920.0885500148
      458.0000000000    47863.3369830848      995.3885686350
      459.8000000000    50428.0432297337     1072.2462730477
      461.6000000000    53036.4855547857     1150.1625939880
      463.4000000000    55683.2422791977     1228.5959406778
      465.2000000000    58362.6778024865     1306.9675025605
      467.0000000000    61068.9700999635     1384.6673384192
      468.8000000000    63796.1393501152     1461.0611535719
      470.6000000000    66538.0774209194     1535.4976498410
      472.4000000000    69288.5779452857     1607.3163199550
      474.2000000000    72041.3667201935     1675.8555482604
      476.0000000000    74790.1321712355     1740.4608733108
      477.8000000000    77528.5556339059     1800.4932651234
      479.6000000000    80250.3412148302     1855.3372706461
      481.4000000000    82949.2450099361     1904.4088851252
      483.2000000000    85619.1034720135     1947.1630143968
      485.0000000000    88253.8607369305     1983.1004033323
      486.8000000000    90847.5947356613     2011.7739184055
      488.6000000000    93394.5419379628     2032.7940871695
      490.4000000000    95889.1205927443     2045.8338139115
      492.2000000000    98325.9523496440     2050.6322083893
      494.0000000000   100699.8821658240     2046.9974828900
      495.8000000000   103005.9964212903     2034.8088913943
      497.6000000000   105239.6391849400     2014.0177029552
      499.4000000000   107396.4265918556     1984.6472190699
      501.2000000000   109472.2593099300     1946.7918614868
      503.0000000000   111463.3330905954     1900.6153722106
      504.8000000000   113366.1474141195     1846.3481811938
      506.6000000000   115177.5122545251     1784.2840091129
      508.4000000000   116894.5530026170     1714.7757825860
      510.2000000000   118514.7135978098     1638.2309471014
      512.0000000000   120035.7579303938     1555.1062687568
      513.8000000000   121455.7695855552     1465.9022196794
      515.6000000000   122773.1500088642     1371.1570437770
      517.4000000000   123986.6151800795     1271.4405993503
      519.2000000000   125095.1908880199     1167.3480732409
      521.0000000000   126098.2067039521     1059.4936577467
      522.8000000000   126995.2887544967      948.5042767052
      524.6000000000   127786.3513975111      835.0134411345
      526.4000000000   128471.5879058323      719.6553078331
      528.2000000000   129051.4602642278      603.0590065976
      530.0000000000   129526.6881844794      485.8432934269
      531.8000000000   129898.2374422825      368.6115784506
      533.6000000000   130167.3076376751      251.9473685377
      535.4000000000   130335.3194780741      136.4101557825
      537.2000000000   130403.9016797903       22.5317744975
      539.0000000000   130374.8775801767      -89.1867589048
      540.8000000000   130250.2515484237     -198.2779165600
      542.6000000000   130032.1952785150     -304.3098410039
      544.4000000000   129723.0340430737     -406.8880455406
      546.2000000000   129325.2329818173     -505.6566463901
      548.0000000000   128841.3834931738     -600.2991451193
      549.8000000000   128274.1897923371     -690.5387843553
      551.6000000000   127626.4556937166     -776.1385035323
      553.4000000000   126901.0716704121     -856.9005244424
      555.2000000000   126101.0022380588     -932.6655986655
      557.0000000000   125229.2737051860    -1003.3119505788
      558.8000000000   124288.9623271420    -1068.7539506387
      560.6000000000   123283.1828957006    -1128.9405540245
      562.4000000000   122215.0777916887    -1183.8535396008
      564.2000000000   121087.8065234041    -1233.5055835473
      566.0000000000   119904.5357692248    -1277.9382009690
      567.8000000000   118668.4299386786    -1317.2195874215
      569.6000000000   117382.6422623411    -1351.4423905929
      571.4000000000   116050.3064172819    -1380.7214404623
      573.2000000000   114674.5286913767    -1405.1914641412
      575.0000000000   113258.3806866609    -1425.0048093551
      576.8000000000   111804.8925590077    -1440.3291981921
      578.6000000000   110317.0467887790    -1451.3455303682
      580.4000000000   108797.7724747065    -1458.2457528770
      582.2000000000   107249.9401411167    -1461.2308105473
      584.0000000000   105676.3570467068    -1460.5086897406
      585.8000000000   104079.7629813955    -1456.2925652217
      587.6000000000   102462.8265363160    -1448.7990581432
      589.4000000000   100828.1418307669    -1438.2466111123
      591.2000000000    99178.2256788817    -1424.8539844804
      593.0000000000    97515.5151779214    -1408.8388763092
      594.8000000000    95842.3656993987    -1390.4166669337
      596.6000000000    94161.0492637257    -1369.7992876642
      598.4000000000    92473.7532787061    -1347.1942119492
      600.2000000000    90782.5796219648    -1322.8035662486
      602.0000000000    89089.5440473095    -1296.8233569492
      603.8000000000    87396.5758950412    -1269.4428088743
      605.6000000000    85705.5180863572    -1240.8438103031
      607.4000000000    84018.1273822169    -1211.2004588996
      609.2000000000    82336.0748873490    -1180.6787025587
      611.0000000000    80660.9467804716    -1149.4360688969
      612.8000000000    78994.2452522455    -1117.6214769286
      614.6000000000    77337.3896329996    -1085.3751243794
      616.4000000000    75691.7176928258    -1052.8284440769
      618.2000000000    74058.4870972456    -1020.1041229147
      620.0000000000    72438.8770022913     -987.3161770134
      621.8000000000    70833.9897735044     -954.5700768678
      623.6000000000    69244.8528140459     -921.9629164954
      625.4000000000    67672.4204878095     -889.5836208492
      627.2000000000    66117.5761241413     -857.5131860456
      629.0000000000    64581.1340914823     -825.8249472586
      630.8000000000    63063.8419279681     -794.5848694576
      632.6000000000    61566.3825177266     -763.8518564935
      634.4000000000    60089.3763023212     -733.6780743755
      636.2000000000    58633.3835174789     -704.1092849204
      638.0000000000    57198.9064459207     -675.1851862884
      639.8000000000    55786.3916777746     -646.9397572495
      641.6000000000    54396.2323707000     -619.4016023447
      643.4000000000    53028.7705024739     -592.5942954142
      645.2000000000    51684.2991093945     -566.5367192598
      647.0000000000    50363.0645044429     -541.2433994922
      648.8000000000    49065.2684696965     -516.7248308759
      650.6000000000    47791.0704180289     -492.9877947367
      652.4000000000    46540.5895196348     -470.0356662278
      654.2000000000    45313.9067894104     -447.8687104655
      656.0000000000    44111.0671316724     -426.4843667435
      657.8000000000    42932.0813391437     -405.8775202183
      659.6000000000    41776.9280435352     -386.0407606202
      661.4000000000    40645.5556154485     -366.9646276940
      663.2000000000    39537.8840116777     -348.6378432087
      665.0000000000    38453.8065683377     -331.0475294914
      666.8000000000    37393.1917385534     -314.1794145471
      668.6000000000    36355.8847737418     -298.0180239165
      670.4000000000    35341.7093477942     -282.5468595030
      672.2000000000    34350.4691237103     -267.7485656692
      674.0000000000    33381.9492624728     -253.6050829563
      675.8000000000    32435.9178741618     -240.0977898315
      677.6000000000    31512.1274114995     -227.2076329027
      679.4000000000    30610.3160061956     -214.9152460716
      681.2000000000    29730.2087486195     -203.2010591182
      683.0000000000    28871.5189114716     -192.0453962251
      684.8000000000    28033.9491182523     -181.4285649607
      686.6000000000    27217.1924574430     -171.3309362449
      688.4000000000    26420.9335434132     -161.7330158196
      690.2000000000    25644.8495251560     -152.6155077443
      692.0000000000    24888.6110440328     -143.9593704275
      693.8000000000    24151.8831417692     -135.7458656976
      695.6000000000    23434.3261200050     -127.9566013990
      697.4000000000    22735.5963527409     -120.5735679890
      699.2000000000    22055.3470530668     -113.5791695922
      701.0000000000    21393.2289955813     -106.9562499514
      702.8000000000    20748.8911959349     -100.6881136953
      704.6000000000    20121.9815489442      -94.7585433238
      706.4000000000    19512.1474267309      -89.1518122914
      708.2000000000    18919.0362383413      -83.8526945497
      710.0000000000    18342.2959523028      -78.8464708883
      711.8000000000    17781.5755835595      -74.1189323949
      713.6000000000    17236.5256462229      -69.6563813331
      715.4000000000    16706.7985735551      -65.4456297200
      717.2000000000    16192.0491065815      -61.4739958646
      719.0000000000    15691.9346527113      -57.7292991079
      720.8000000000    15206.1156157142      -54.1998529934
      722.6000000000    14734.2556983790      -50.8744570722
      724.4000000000    14276.0221791479      -47.7423875365
      726.2000000000    13831.0861639889      -44.7933868572
      728.0000000000    13399.1228147384      -42.0176525847
      729.8000000000    12979.8115551108      -39.4058254625
      731.6000000000    12572.8362555372      -36.9489769842
      733.4000000000    12177.8853979623      -34.6385965181
      735.2000000000    11794.6522216883      -32.4665781058
      737.0000000000    11422.8348513244      -30.4252070345
      738.8000000000    11062.1364078580      -28.5071462714
      740.6000000000    10712.2651038327      -26.7054228377
      742.4000000000    10372.9343235774      -25.0134141921
      744.2000000000    10043.8626893979      -23.4248346860
      746.0000000000     9724.7741146054      -21.9337221431
      747.8000000000     9415.3978442199      -20.5344246116
      749.6000000000     9115.4684841537      -19.2215873278
      751.4000000000     8824.7260196451      -17.9901399282
      753.2000000000     8542.9158236773      -16.8352839372
      755.0000000000     8269.7886560863      -15.7524805561
      756.8000000000     8005.1006540300      -14.7374387733
      758.6000000000     7748.6133144560      -13.7861038125
      760.4000000000     7500.0934691792      -12.8946459291
      762.2000000000     7259.3132531462      -12.0594495681
      764.0000000000     7026.0500664397      -11.2771028859
      765.8000000000     6800.0865305424      -10.5443876429
      767.6000000000     6581.2104393570       -9.8582694668
      769.4000000000     6369.2147054522       -9.2158884871
      771.2000000000     6163.8973019755       -8.6145503387
      773.0000000000     5965.0612006558       -8.0517175304
      774.8000000000     5772.5143062884       -7.5250011739
      776.6000000000     5586.0693880771       -7.0321530670
      778.4000000000     5405.5440081851       -6.5710581242
      780.2000000000     5230.7604478238       -6.1397271458
      782.0000000000     5061.5456311923       -5.7362899193
      783.8000000000     4897.7310475563       -5.3589886411
      785.6000000000     4739.1526717420       -5.0061716515
      787.4000000000     4585.6508832995       -4.6762874715
      789.2000000000     4437.0703845739       -4.3678791323
      791.0000000000     4293.2601179086       -4.0795787876
      792.8000000000     4154.0731821872       -3.8101025965
      794.6000000000     4019.3667489078       -3.5582458694
      796.4000000000     3889.0019779693       -3.3228784645
      798.2000000000     3762.8439333353       -3.1029404255
      800.0000000000     3640.7614987307       -2.8974378510
